3 0.3149628783552256 0.08738738738738738 0.3158195316961736 0.11351351351351352
3 0.11650485436893204 0.19774774774774775 0.22729868646487722 0.11981981981981982
3 0.33723586521987436 0.22297297297297297 0.2575671045117076 0.11981981981981982
3 0.3486579097658481 0.3463963963963964 0.24271844660194175 0.10720720720720721
3 0.12535693889206168 0.3261261261261261 0.24957167332952598 0.12612612612612611
3 0.34951456310679613 0.5072072072072072 0.23072529982866932 0.14054054054054055
3 0.13392347230154197 0.5738738738738739 0.26670474014848655 0.12972972972972974
3 0.3720731010850942 0.6477477477477478 0.31353512278697887 0.13153153153153152
3 0.11650485436893204 0.7013513513513514 0.23186750428326672 0.109009009009009
3 0.3526556253569389 0.8216216216216217 0.31467732724157627 0.11891891891891893
3 0.33352370074243287 0.9342342342342342 0.29811536264991434 0.1045045045045045
3 0.7001713306681896 0.1355855855855856 0.3163906339234723 0.13423423423423422
3 0.6901770416904626 0.263963963963964 0.33066818960593947 0.11711711711711711
3 0.6744717304397487 0.38288288288288286 0.33580810965162766 0.09549549549549549
3 0.6824671616219303 0.48018018018018016 0.31753283837806967 0.11531531531531532
3 0.7050256996002284 0.5630630630630631 0.32267275842375787 0.1009009009009009
3 0.6122215876641919 0.6774774774774774 0.18846373500856653 0.11171171171171171
3 0.7906910336950315 0.6972972972972973 0.16733295259851513 0.13873873873873874
3 0.6721873215305539 0.8009009009009009 0.31410622501427754 0.0972972972972973
3 0.6878926327812679 0.8981981981981982 0.35579668760708166 0.12972972972972974