1 0.38916015625 0.7947598253275109 0.2099609375 0.36899563318777295
1 0.24072265625 0.7068777292576419 0.1884765625 0.25
1 0.1552734375 0.5900655021834061 0.244140625 0.2368995633187773
1 0.134765625 0.4306768558951965 0.220703125 0.16048034934497818
1 0.19384765625 0.2789301310043668 0.2509765625 0.14519650655021835
1 0.31103515625 0.1965065502183406 0.2236328125 0.2074235807860262
1 0.42822265625 0.1703056768558952 0.1728515625 0.24017467248908297
1 0.6025390625 0.17576419213973798 0.154296875 0.27510917030567683
1 0.80810546875 0.40010917030567683 0.2783203125 0.2019650655021834
1 0.8408203125 0.5584061135371179 0.23828125 0.1779475982532751
1 0.7685546875 0.6844978165938864 0.322265625 0.24890829694323144
1 0.63330078125 0.7800218340611353 0.2314453125 0.30240174672489084
1 0.72265625 0.25382096069869 0.25 0.24126637554585154
