3 0.049 0.45598194130925507 0.058 0.44243792325056436
3 0.114 0.4616252821670429 0.048 0.4582392776523702
3 0.177 0.43792325056433407 0.066 0.48758465011286684
3 0.267 0.3905191873589165 0.09 0.5778781038374717
3 0.366 0.39164785553047404 0.1 0.5756207674943566
3 0.449 0.3510158013544018 0.078 0.6659142212189616
3 0.542 0.3893905191873589 0.084 0.5756207674943566
3 0.634 0.3600451467268623 0.08 0.6433408577878104
3 0.718 0.35891647855530473 0.1 0.6455981941309256
3 0.8 0.3510158013544018 0.072 0.6433408577878104
3 0.91 0.3871331828442438 0.136 0.6027088036117382